O0      O1      O2        O3

Baseline----------------------------
123.62   35.96  30.13
122.67   35.91  30.31
119.51   35.92  29.43

121.93   35.39  29.56
------------------------------------

All together
114.17   33.07  23.93
115.26   33.11  23.92
113.55   33.15  23.96

--------------------------------
Break 50
116.40   35.89  29.76
116.76   35.93  28.58
116.27   36.03  28.56

116.47   35.94  28.97
------------------------------------
Break 50 - remove setting CM = 0.0
117.21   35.94  28.57
117.15   35.90  27.32
117.17   35.90  27.69

117.18  35.91   27.86
------------------------------
remove setting CM - no break 50
115.20   35.93  28.12
115.13   35.94  27.56
115.12   36.25  26.94

115.15  36.04   27.54
-------------------------------
#idcheck first nested loop
O0      O1      O2        O3
------------------------------------
reomveIfs
116.26   36.09  26.45
116.38   36.00  26.53
116.41   35.94  26.96

116.35   36.01  26.65
-----------------------------------
unrollJ
116.48   35.47  27.67
116.40   35.47  26.64
116.35   35.49  26.78

116.41   35.48  27.03
-----------------------------------
unrollAndRemove
118.12   35.82  26.81
117.77   35.80  26.65
118.14   35.83  26.70

118.01  35.81   26.72
-----------------------------------
move i part of equation out of j
113.76   32.92  23.96
113.70   32.97  23.98
113.60   32.95  23.99

113.69   32.95  23.78
----------------------------------
unrollRemoveMove
112.24   33.22  24.8
112.09   33.14  24.76
112.17   33.10  24.69

112.17   33.15  24.75
--------------------------------
# Loop 40
----------------------------------
clean40
115.58   35.91  27.91
115.58   35.91  27.72
115.40   35.94  27.77

115.52   35.92  27.80
----------------------------------
remove ivalue
115.07   35.96  27.70
115.20   35.96  27.71
115.29   35.99  27.70

115.19   35.97  27.70
