O0      O1      O2

Baseline--------------
74.59   29.11   26.86
74.44   28.94   26.84
74.46   28.95   26.82

74.50   29.00   26.84
----------------------

removeSet
74.39   29.12   26.90
74.46   28.95   26.90
74.41   29.01   27.05

moveI
74.55   28.93   26.87
74.34   29.13   26.87
74.48   28.97   26.81

combined
74.55   29.00   26.87
74.44   29.02   26.86
74.52   29.13   26.81


Break50rm
74.79   29.02   26.93
74.54   29.00   26.87
74.59   28.97   26.83

unrollRemoveMove
71.62   26.74   22.53
71.74   26.72   22.59
71.61   26.71   22.62

71.66   26.72   22.58

------------------------
unrollAndMove
74.45   27.65   23.28
74.50   27.59   23.32
74.32   27.59   23.14

74.43   27.61   23.25